622
606
606
606
606
606
606
606
606
600
596
594
593
593
593
593
592
592
484
484
484
484
484
484
484
484
484
484
484
484
484
484
481
481
481
481
481
481
481
481
481
481
481
481
481
481
481
481
481
481
481
481
481
481
481
481
481
481
481
481
481
481
481
481
481
481
481
481
481
481
481
481
481
481
481
481
481
481
481
481
481
481
481
481
481
481
481
481
481
481
481
481
481
481
481
481
481
481
481
481
481
481
481
481
481
481
481
481
481
481
481
481
481
481
481
481
481
481
481
481
481
481
481
481
481
481
481
481
481
481
481
481
481
481
481
481
481
481
481
481
481
481
481
481
481
481
481
481
481
481
481
481
481
481
478
478
478
478
478
478
478
478
478
478
478
478
478
478
478
478
478
478
478
478
478
478
478
478
478
478
478
478
478
478
478
478
478
477
477
477
477
477
477
477
477
477
477
477
477
477
477
477
477
477
477
477
477
477
477
477
477
477
477
477
477
477
477
477
477
477
477
477
477
477
477
477
477
477
477
477
477
477
477
477
477
477
477
477
477
477
477
477
477
477
477
477
477
477
477
477
477
477
477
477
477
477
477
477
477
477
477
477
477
477
477
477
477
477
477
477
477
477
477
477
477
477
477
477
477
477
477
477
477
477
477
477
477
477
477
477
477
477
477
477
477
477
477
477
477
477
477
477
477
477
477
477
477
477
477
477
477
477
477
477
477
477
477
477
477
477
477
477
477
477
477
477
477
477
477
477
477
477
477
477
477
477
477
477
477
477
477
477
477
477
477
477
477
477
477
477
477
477
477
477
477
477
477
477
477
477
477
477
477
477
477
477
477
477
477
477
477
477
477
477
477
477
477
477
477
477
477
477
477
477
477
477
477
477
477
477
477
477
477
477
477
477
477
477
477
477
477
477
477
477
477
477
477
477
477
477
477
477
477
477
477
477
477
477
477
477
477
477
477
477
477
477
477
477
477
477
477
477
477
477
477
477
477
477
477
477
477
477
477
477
477
477
477
477
477
477
477
477
477
477
477
477
477
477
477
477
477
477
477
477
477
477
477
477
477
477
477
477
477
477
477
477
477
477
477
477
477
477
477
477
477
477
477
477
477
477
477
477
477
477
477
477
477
477
477
477
477
477
477
477
477
477
477
477
477
477
477
477
477
477
477
477
477
477
477
477
477
477
477
477
477
477
477
477
477
476
476
476
476
476
476
476
476
476
476
476
476
476
476
476
476
476
476
476
476
476
476
476
475
475
475
475
475
475
475
475
475
475
475
475
475
475
475
475
475
475
475
475
475
475
475
475
475
475
475
475
475
475
475
475
475
475
475
475
475
475
475
475
475
475
475
475
475
475
475
475
475
475
475
475
475
475
475
475
475
475
475
475
475
475
475
475
475
475
475
475
475
475
475
475
475
475
475
475
475
475
475
475
475
475
475
475
475
475
475
475
475
475
475
475
475
475
475
475
475
475
475
475
475
475
475
475
475
475
475
475
475
475
475
475
475
475
475
