572
571
571
571
571
571
571
571
571
571
566
566
566
566
566
566
566
564
564
564
564
564
564
564
564
564
559
559
543
543
528
528
528
528
528
528
528
528
526
524
524
524
524
524
524
524
524
524
524
524
524
524
524
524
524
524
524
524
524
524
524
524
524
524
524
524
524
524
524
524
511
509
507
502
502
502
502
502
502
502
502
502
501
501
501
501
501
488
488
488
488
488
488
488
488
488
488
488
488
488
488
488
488
488
488
488
488
488
488
488
488
488
484
478
478
478
478
478
478
475
475
475
475
475
473
473
473
473
473
473
473
473
473
473
473
473
473
473
473
473
473
473
473
473
473
473
473
473
473
473
473
473
473
473
473
473
473
473
473
473
473
473
473
473
473
473
473
473
473
473
473
473
473
473
473
473
473
473
473
473
473
473
473
473
473
473
473
473
473
473
473
473
473
473
473
473
473
473
473
473
473
473
473
473
473
473
473
473
473
473
473
473
473
473
473
473
473
473
473
473
473
473
473
473
473
473
473
473
473
473
473
473
473
473
473
473
473
473
473
473
473
473
473
473
473
473
473
473
473
473
473
473
473
473
473
473
473
473
473
473
473
473
473
473
473
473
473
473
473
473
473
473
473
473
473
473
473
473
473
473
473
473
473
473
473
473
473
473
473
473
473
473
473
473
473
473
473
473
473
473
473
473
473
473
473
473
473
473
473
473
473
473
473
473
473
473
473
473
473
473
473
473
473
473
473
473
473
473
473
473
473
473
473
473
473
473
473
473
473
473
473
473
473
473
473
473
473
473
473
473
473
473
473
473
473
473
473
473
473
473
473
473
473
473
473
473
473
473
473
473
473
473
473
473
473
473
473
473
473
473
473
473
473
473
473
473
473
473
473
473
473
473
473
473
473
473
473
473
473
473
473
473
473
473
473
473
473
473
473
473
473
473
473
473
473
473
473
473
473
473
473
473
473
473
473
473
473
473
472
472
472
472
472
472
472
472
472
472
472
472
472
472
472
472
472
472
472
472
472
472
472
472
472
472
472
472
472
472
472
472
472
472
472
472
472
472
472
472
472
472
472
472
472
472
472
472
472
472
472
472
472
472
472
472
472
472
472
472
472
472
472
472
472
472
472
472
472
472
472
472
472
472
472
472
472
472
472
472
472
472
472
472
472
472
472
472
472
472
472
472
472
472
472
472
472
472
472
472
472
472
472
472
472
472
472
472
472
472
472
472
472
472
472
472
472
472
472
472
472
472
472
472
472
472
472
472
472
472
472
472
472
472
472
472
472
472
472
472
472
472
472
472
472
472
472
472
472
472
472
472
472
472
472
472
472
472
472
472
472
472
472
472
472
472
472
472
472
472
472
472
472
472
472
472
472
472
472
472
472
472
472
472
472
472
472
472
472
472
472
472
472
472
472
472
472
472
472
472
472
472
472
472
472
472
472
472
472
472
472
472
472
472
472
472
472
472
472
472
472
472
472
472
472
472
472
472
472
472
472
472
472
472
472
472
472
472
472
