705
705
705
705
703
702
693
693
693
693
693
693
693
693
693
693
693
693
693
693
693
693
693
693
693
667
667
631
631
609
609
609
609
609
609
609
609
609
609
609
609
609
609
609
489
489
489
489
489
489
489
489
489
489
489
489
489
489
486
481
481
481
481
481
481
481
481
481
481
481
481
481
481
481
481
481
481
481
481
481
481
481
481
481
481
481
481
481
481
481
481
481
481
481
481
481
481
481
481
481
481
481
481
481
481
481
481
481
481
481
481
481
481
481
481
481
481
481
481
481
481
481
481
481
481
481
481
481
481
481
481
481
481
481
481
481
481
481
481
481
481
481
481
481
481
481
481
481
481
481
481
481
481
481
481
481
481
481
481
481
481
481
481
481
481
481
481
481
481
481
481
481
481
481
481
481
481
481
481
481
481
481
481
481
481
481
480
480
480
480
480
480
480
480
480
480
480
480
480
480
480
480
480
480
480
480
480
480
480
480
478
478
478
478
478
476
476
476
476
476
476
476
476
476
476
476
476
476
476
476
476
476
476
475
475
475
475
475
475
475
475
475
475
475
474
474
474
474
474
474
474
474
474
474
474
474
474
474
474
474
474
474
474
474
474
474
474
474
474
474
474
474
474
474
474
474
474
474
474
474
474
474
474
474
474
474
474
474
474
474
474
474
474
474
474
474
474
474
474
474
474
474
474
474
474
474
474
474
474
474
474
474
474
474
474
474
474
474
474
474
474
474
474
474
474
474
474
474
474
474
474
474
474
474
474
474
474
474
474
474
474
474
474
474
474
474
474
474
474
474
474
474
474
474
474
474
474
474
474
474
474
474
474
474
474
474
474
474
474
474
474
474
474
474
474
474
474
474
474
474
474
474
474
474
474
474
474
474
474
474
474
474
474
474
474
474
474
474
474
474
474
474
474
474
474
474
474
474
474
474
474
474
474
474
474
474
474
474
474
474
474
474
474
474
474
474
474
474
474
474
474
474
474
474
474
474
474
474
474
474
474
474
474
474
474
474
474
474
474
474
474
474
474
474
474
474
474
474
474
474
474
474
474
474
474
474
474
474
474
474
474
474
474
474
474
474
474
474
474
474
474
474
474
474
474
474
474
474
474
474
474
474
474
474
474
474
474
474
474
474
474
474
474
474
474
474
474
474
474
474
474
474
474
474
474
474
474
474
474
474
474
474
474
474
474
474
474
474
474
474
474
474
474
474
474
474
474
474
474
474
474
474
474
474
474
474
474
474
474
474
474
474
474
474
474
474
474
474
474
474
474
474
474
474
474
474
474
474
474
474
474
474
474
474
474
474
474
474
474
474
474
474
474
474
474
474
474
474
474
474
474
474
474
474
474
474
474
474
474
474
474
474
474
474
474
474
474
474
474
474
474
474
474
474
474
474
474
474
474
474
474
474
474
474
474
474
474
474
474
474
474
474
474
474
474
474
474
474
474
474
474
474
474
474
474
474
474
474
474
474
474
474
474
474
474
474
474
474
474
474
474
474
474
474
474
474
474
