645
645
643
643
643
571
567
564
564
564
564
564
564
558
558
558
558
558
558
558
558
551
534
534
534
534
534
532
532
532
532
532
532
532
532
532
532
522
522
522
522
522
522
522
522
522
522
502
502
502
502
502
502
502
499
499
499
499
499
499
499
499
499
499
499
499
499
499
499
499
499
499
499
499
499
499
499
499
499
499
499
499
499
499
499
499
499
499
499
499
499
499
486
486
486
486
486
486
486
486
486
486
486
486
486
486
486
486
486
486
486
486
486
486
486
486
486
486
486
486
486
486
486
486
486
486
486
486
486
486
486
486
486
486
486
486
486
486
486
486
486
486
486
486
486
486
486
486
486
486
486
486
486
486
486
486
486
477
477
477
477
477
477
474
474
474
474
474
470
470
470
470
470
470
470
470
470
470
470
469
469
469
469
469
469
469
469
469
469
469
469
468
468
468
468
468
468
468
468
468
468
468
468
468
468
468
468
468
468
468
468
468
468
468
468
468
468
468
468
468
468
468
468
468
468
468
468
468
468
468
468
468
468
468
468
468
468
468
468
468
468
468
468
468
468
468
468
468
468
468
468
468
468
468
468
468
468
468
468
468
468
468
468
468
468
468
468
468
468
468
468
468
468
468
468
468
468
468
468
468
468
468
468
468
468
468
468
468
468
468
468
468
468
468
468
468
468
468
468
468
468
468
468
468
468
468
468
468
468
468
468
468
468
468
468
468
468
468
468
468
468
468
468
468
468
468
468
468
468
468
468
468
468
468
468
468
468
468
468
468
468
468
468
468
468
468
468
468
468
468
468
468
465
465
465
465
465
465
465
465
465
465
465
465
465
465
463
463
463
463
463
463
463
463
463
463
463
463
463
463
463
463
463
463
463
463
463
463
463
463
463
463
463
463
463
463
463
463
463
463
463
463
463
463
463
463
463
463
463
463
463
463
463
463
463
463
463
462
462
462
462
462
462
462
462
462
462
462
462
462
462
462
462
462
462
462
462
462
462
462
462
462
462
462
462
462
462
462
462
462
462
462
462
462
462
462
462
462
462
462
462
462
462
462
462
462
462
462
462
462
462
462
462
462
462
462
462
462
462
462
462
462
462
462
462
462
462
462
462
462
462
462
462
462
462
462
462
462
462
462
462
462
462
462
462
462
462
462
462
462
462
462
462
462
462
462
462
462
462
462
462
462
462
462
462
462
462
462
462
462
462
462
462
462
462
462
462
462
462
462
462
462
462
462
462
462
462
462
462
462
462
462
462
462
462
462
462
462
462
462
462
462
462
462
462
461
461
461
461
461
461
461
461
461
461
461
461
461
461
461
461
461
461
461
461
461
461
461
461
461
461
461
461
461
461
461
461
461
461
461
461
461
461
461
461
461
461
461
461
461
461
461
461
461
461
461
461
461
461
461
461
461
461
461
461
461
461
461
461
461
461
461
461
461
461
461
461
461
461
461
461
461
461
461
461
461
461
461
461
461
461
461
461
461
461
461
461
461
461
461
461
461
461
461
461
461
461
