547
547
547
547
547
547
547
547
514
514
514
514
513
513
511
511
509
503
503
503
503
500
500
500
496
496
496
495
495
495
495
495
495
495
495
487
487
487
485
485
485
485
485
485
485
485
485
485
485
485
485
485
485
485
485
485
484
484
484
484
484
484
484
482
476
476
472
472
470
470
469
469
469
469
469
469
469
469
469
469
469
469
469
469
469
469
469
469
469
469
469
469
469
469
469
469
469
469
469
469
469
469
469
469
469
469
469
469
469
469
469
469
469
469
469
469
469
469
469
469
469
469
469
469
469
469
469
469
469
469
469
469
469
469
469
469
469
469
469
469
469
469
469
469
469
469
469
469
469
469
469
469
469
469
468
468
468
468
468
468
468
468
468
468
468
468
468
468
468
466
466
466
466
466
466
466
466
466
466
466
466
466
466
466
466
466
466
466
466
466
466
466
466
466
466
466
466
466
466
466
466
466
466
466
466
466
466
466
466
466
466
466
466
466
466
466
466
466
466
466
466
466
466
466
466
466
466
466
466
466
466
466
466
466
466
466
466
466
466
466
466
466
466
466
466
466
466
466
466
466
466
466
466
466
466
466
466
466
466
466
466
466
466
466
466
466
466
466
466
466
466
466
466
466
466
466
466
466
466
466
466
466
466
466
466
466
466
466
466
466
466
466
466
466
466
466
466
466
466
466
466
466
466
466
466
466
466
466
466
466
466
466
466
466
466
466
466
466
466
466
466
466
466
466
466
466
466
466
466
466
466
466
466
466
466
466
466
466
466
466
466
466
466
466
466
466
466
466
466
466
466
466
466
466
466
466
466
466
466
466
466
466
466
466
466
466
466
466
466
466
466
466
466
466
466
466
466
466
466
466
466
466
466
466
466
466
466
466
466
466
466
466
466
466
466
466
466
466
466
466
466
466
466
466
466
466
466
466
466
466
466
466
466
466
466
466
466
466
466
466
466
466
466
466
466
466
466
466
466
466
466
466
466
466
466
466
466
466
466
466
466
466
466
466
466
466
466
466
466
466
466
466
466
466
466
466
466
466
466
466
466
466
466
466
466
466
466
466
466
466
466
466
466
466
466
466
466
466
466
466
466
466
466
466
466
466
466
466
466
466
466
466
466
466
466
466
466
466
466
466
466
466
466
466
466
466
466
466
466
466
466
466
466
466
466
466
466
466
466
466
466
466
466
466
466
466
466
466
466
466
466
466
466
466
466
466
466
466
466
466
466
466
466
466
466
466
466
466
466
466
466
466
466
466
466
466
466
466
466
466
466
466
466
466
466
466
466
466
466
466
466
466
466
466
466
466
466
466
466
466
466
466
466
466
466
466
466
466
466
466
466
466
466
466
466
466
466
466
466
466
466
466
466
466
466
466
466
466
466
466
466
466
466
466
466
466
466
466
466
466
466
466
466
466
466
466
466
466
466
466
466
466
466
466
466
466
466
466
466
466
466
466
466
466
466
466
466
466
466
466
466
466
466
466
466
466
466
466
466
466
466
466
466
466
466
466
466
