637
664
516
539
523
536
554
514
485
555
478
565
486
679
576
528
492
479
571
630
592
579
504
609
654
611
508
587
507
576
533
543
655
579
555
716
559
576
486
631
585
621
513
587
608
555
681
506
505
603
588
494
589
682
516
544
514
567
534
509
585
647
521
627
498
575
580
517
541
517
486
722
554
504
557
520
526
663
616
634
640
608
504
514
613
527
633
533
580
666
779
537
616
485
569
485
655
651
586
618
748
720
512
495
503
490
561
619
666
553
617
535
482
537
492
568
538
600
606
610
577
542
632
574
727
537
514
594
649
522
508
504
597
486
545
651
633
538
608
534
487
583
634
633
536
611
490
497
606
749
730
499
584
498
506
652
492
665
506
497
565
485
520
728
652
650
561
578
526
524
535
636
698
512
555
691
507
590
704
601
549
548
491
484
609
664
532
502
657
507
666
500
590
643
506
530
546
614
543
670
472
534
622
699
723
700
555
595
537
550
513
514
584
491
627
693
562
634
562
623
614
565
656
643
531
569
512
601
645
723
507
563
589
475
579
592
595
624
585
652
552
543
583
530
563
583
556
517
514
520
609
510
579
482
650
674
642
552
520
515
525
691
531
660
649
566
553
534
542
492
597
569
542
521
740
486
584
630
595
492
495
504
620
617
558
601
570
569
499
688
530
667
683
694
618
500
527
509
497
537
545
618
532
487
556
549
709
629
552
547
573
709
513
601
690
677
577
577
662
604
550
496
712
515
543
721
593
544
671
617
514
561
599
519
607
560
523
536
593
491
522
634
500
551
606
538
560
684
669
694
551
583
504
564
513
608
540
670
688
571
505
543
639
635
532
550
695
516
622
618
542
592
573
484
494
568
510
540
718
508
533
491
553
624
622
589
726
502
613
583
671
490
516
573
549
541
552
603
531
494
495
505
739
648
628
536
488
577
660
579
490
511
571
562
658
511
555
566
710
712
518
547
510
575
495
527
595
609
489
593
758
668
566
515
521
508
716
635
486
497
577
489
557
594
733
513
572
671
483
647
700
738
671
512
564
538
576
498
529
704
598
622
703
543
517
711
498
523
613
611
540
614
640
518
744
629
575
483
691
640
599
698
538
628
488
520
565
616
654
687
542
640
601
504
704
682
746
581
544
691
532
699
624
551
663
650
587
623
587
572
591
480
664
553
544
553
521
539
625
544
506
644
640
481
520
493
639
572
487
491
553
521
507
702
620
572
604
567
538
698
550
509
526
610
496
587
584
545
488
528
642
504
554
542
576
519
493
503
568
522
680
612
531
516
538
584
560
538
621
522
710
500
655
535
551
677
480
739
519
480
554
522
564
503
510
692
640
672
660
549
678
656
516
590
636
540
620
541
501
546
594
496
590
528
494
563
505
484
502
611
684
691
594
745
548
565
560
562
508
580
511
540
642
552
577
743
489
503
562
569
512
627
608
670
580
552
464
508
726
542
483
700
542
683
545
514
556
645
539
496
717
579
564
625
493
709
733
660
533
505
673
632
732
505
492
603
538
579
704
537
488
611
534
645
552
527
572
561
560
639
575
541
630
510
563
733
491
497
633
573
582
498
571
519
481
699
746
632
630
728
539
520
480
500
605
548
586
506
504
495
566
514
549
530
596
541
528
753
590
485
704
519
526
557
484
513
592
658
590
584
513
567
710
624
604
547
493
487
590
562
681
671
655
556
712
587
499
523
595
486
494
569
523
531
537
532
650
614
582
573
593
512
483
575
581
715
615
619
668
522
525
575
625
578
675
564
499
664
513
519
520
559
505
479
549
620
485
573
600
697
548
724
609
509
686
484
566
608
745
604
485
493
645
643
588
587
589
503
658
528
596
618
498
493
637
508
572
517
536
550
682
637
498
486
510
504
524
505
541
533
535
564
609
485
557
537
607
494
535
629
659
598
587
663
480
596
590
563
676
567
487
723
583
526
550
560
700
623
500
496
688
482
687
573
528
525
531
597
485
609
704
491
577
512
614
506
587
618
601
605
529
575
623
671
587
496
583
517
520
588
505
568
738
575
488
542
585
472
665
713
619
623
598
620
592
495
583
585
602
524
536
735
661
528
538
539
619
526
567
510
526
488
521
576
583
553
496
634
614
577
738
631
521
523
715
650
594
711
484
596
579
485
487
523
564
491
616
494
672
520
489
488
553
567
587
685
633
743
601
493
472
547
522
593
591
545
570
498
618
550
619
657
588
621
504
580
612
538
484
494
593
585
507
719
648
613
523
648
500
565
720
674
555
638
510
596
657
539
622
498
671
490
640
602
659
574
561
521
686
530
558
597
525
627
651
620
520
566
573
571
613
482
532
558
626
518
631
619
618
660
533
686
643
480
490
498
626
565
531
673
533
532
516
557
630
502
573
497
615
544
629
637
479
601
491
594
481
679
620
615
615
577
533
681
528
543
498
480
537
481
566
617
567
566
549
553
515
726
534
634
547
480
492
686
507
522
612
608
647
523
688
558
504
728
528
490
574
655
673
502
652
537
576
486
753
543
585
591
524
615
541
528
584
628
519
551
723
561
588
602
523
627
615
577
609
540
593
591
537
674
671
702
521
546
694
549
624
583
634
647
498
761
510
711
609
503
649
584
570
519
472
531
705
658
595
501
539
665
557
499
596
593
628
593
483
634
484
644
627
594
582
486
708
533
652
642
546
483
583
610
559
598
556
585
503
765
597
577
593
601
505
492
655
583
575
514
527
602
498
515
542
716
543
620
660
508
694
502
593
554
722
575
560
533
629
543
579
494
492
488
691
509
708
582
559
564
690
482
640
626
518
480
542
484
577
603
502
493
569
568
496
710
535
543
572
508
579
572
689
491
503
491
655
636
631
690
668
552
682
649
599
666
613
529
716
624
578
500
493
589
765
668
587
534
604
552
483
535
519
498
488
526
516
628
589
504
608
531
503
502
515
570
557
593
525
624
631
511
567
515
557
505
562
514
573
626
502
529
685
572
648
554
557
546
632
648
566
501
599
538
587
539
494
606
547
562
554
499
567
494
707
643
515
537
525
550
585
511
502
535
627
487
536
484
516
602
514
519
753
629
734
507
631
506
532
507
588
749
534
539
593
781
670
605
660
626
672
565
549
596
516
551
545
539
556
658
568
545
595
556
590
520
512
564
644
574
543
487
722
626
647
502
577
503
610
511
631
588
599
566
500
490
651
499
487
516
525
635
650
528
528
718
633
585
504
745
487
595
577
506
544
504
622
525
497
625
659
649
521
521
571
530
638
622
594
508
504
503
755
576
538
541
643
548
642
639
561
536
710
486
512
591
512
543
584
501
534
736
602
477
554
552
618
610
531
562
476
631
511
688
588
637
617
661
580
484
650
647
578
575
574
630
595
530
486
516
497
601
568
712
528
519
608
492
485
526
605
483
565
519
709
719
561
600
613
625
687
501
704
507
725
625
492
645
539
482
489
516
509
633
566
505
549
541
499
647
640
588
682
602
562
546
584
647
506
492
498
588
620
602
564
507
552
576
577
580
648
651
508
578
747
536
545
569
503
620
484
487
698
632
557
488
537
713
533
537
727
530
479
508
591
539
556
642
493
589
496
537
488
629
509
568
556
630
634
558
674
554
702
514
536
519
638
578
623
547
493
493
652
733
537
561
521
505
509
542
493
525
534
508
595
639
566
639
596
646
495
553
696
521
487
638
653
514
611
585
546
500
494
722
646
547
499
631
601
579
594
508
723
513
490
502
721
480
564
742
486
563
610
556
596
619
472
518
485
579
482
556
493
490
541
581
577
678
681
575
507
521
514
576
683
718
700
539
515
480
743
646
680
632
534
664
489
603
620
505
652
586
735
498
561
665
719
552
490
622
642
558
593
522
565
521
626
533
640
531
480
636
534
726
723
574
524
509
521
627
615
631
518
564
700
791
517
503
720
620
681
563
488
487
685
485
482
543
631
477
566
629
578
528
545
639
510
656
622
676
505
489
573
670
621
648
613
592
642
523
636
578
715
564
502
503
692
602
503
520
629
493
555
588
546
737
503
586
638
489
727
549
566
619
576
606
622
717
543
616
550
600
568
492
488
669
551
553
609
562
553
578
678
759
675
643
628
723
582
532
613
537
693
514
534
490
574
606
560
662
581
611
565
616
505
535
706
549
535
560
510
575
605
646
600
560
599
545
595
602
527
665
534
636
594
600
601
481
689
523
569
504
604
658
572
522
571
494
578
664
479
566
511
647
629
492
618
601
689
508
562
719
588
495
483
496
556
501
506
571
741
509
580
522
591
517
528
698
748
562
585
505
573
577
576
635
741
533
506
533
572
657
527
560
609
559
532
579
688
661
498
507
655
496
523
730
709
479
710
541
492
673
609
502
586
483
677
617
554
693
555
533
492
602
500
675
565
527
682
549
564
512
605
768
524
557
499
712
477
614
636
497
606
638
544
533
690
547
595
614
671
618
507
560
490
584
479
520
490
659
606
546
582
555
577
507
517
595
491
625
596
495
568
513
568
511
554
541
679
575
623
647
513
566
703
619
504
536
550
536
480
602
495
498
578
551
560
482
484
540
507
599
536
691
742
499
530
690
503
478
577
498
581
576
669
492
537
509
596
513
628
702
654
540
521
673
640
784
552
536
519
530
614
501
646
482
585
544
572
555
636
566
649
719
603
650
606
603
605
547
594
605
627
501
632
492
546
556
489
553
512
666
659
593
504
633
543
613
489
690
590
585
578
563
650
637
577
683
673
653
577
563
571
542
714
653
575
569
518
585
512
562
702
763
600
602
558
711
482
484
598
662
724
546
501
725
607
716
632
507
501
528
624
622
509
667
668
691
653
494
543
557
603
559
543
642
593
675
578
525
478
562
572
505
504
629
610
701
745
738
729
668
503
579
544
494
513
480
558
490
645
534
477
497
732
585
726
549
534
537
526
617
501
621
517
503
633
591
626
700
648
666
550
591
524
608
666
501
545
532
546
562
738
573
713
543
565
544
722
646
483
583
489
496
566
580
636
524
494
505
515
510
699
655
729
507
624
494
484
789
569
567
548
566
557
779
617
649
477
748
517
524
595
550
638
708
543
740
636
593
619
573
507
493
508
672
500
595
562
532
640
539
651
534
482
635
503
549
594
618
688
574
512
532
617
587
493
568
535
503
577
642
527
511
510
526
548
481
668
516
502
589
580
497
688
498
587
533
477
510
567
493
500
547
593
617
545
497
685
718
751
595
614
546
564
541
728
491
581
632
544
728
535
503
509
625
556
606
573
707
567
493
603
557
521
680
593
570
638
596
495
542
564
530
569
535
719
645
489
528
546
621
530
617
567
484
492
547
681
569
538
569
553
482
573
631
615
598
514
607
549
633
491
742
493
628
488
486
495
616
610
640
531
528
605
610
522
493
645
661
647
527
526
717
580
522
700
531
487
596
535
558
556
553
549
662
574
521
650
572
737
668
536
488
779
650
555
508
632
539
502
667
570
540
688
583
566
585
559
570
590
555
607
643
490
561
529
555
537
535
661
563
491
586
629
600
504
588
592
578
551
569
526
509
504
518
494
501
522
553
590
639
525
595
530
619
493
736
601
633
545
521
516
587
505
488
515
477
706
563
577
493
514
682
592
573
582
612
559
499
729
699
695
589
536
499
493
483
567
569
557
687
587
720
562
535
687
544
524
568
487
566
542
645
640
524
521
639
574
651
494
627
512
708
693
549
642
626
543
535
506
543
544
577
609
575
532
498
581
668
667
626
483
507
584
622
546
525
542
535
550
488
583
731
560
557
614
484
617
624
516
751
489
567
558
674
587
555
654
516
493
630
527
529
622
746
514
636
741
619
581
613
496
721
574
751
540
548
510
590
492
506
586
612
574
475
536
650
619
678
501
498
636
738
705
514
490
559
695
566
506
504
731
531
487
621
531
501
557
509
562
525
514
495
603
581
573
732
577
658
620
553
655
498
706
523
504
527
537
711
481
548
521
703
521
570
657
597
476
594
517
703
570
684
725
655
522
513
659
568
492
639
501
548
576
675
731
677
562
607
615
719
573
590
620
707
535
621
621
571
644
668
535
631
504
566
509
561
683
535
572
497
496
574
584
508
532
476
478
627
668
549
566
695
546
587
583
491
478
575
620
656
631
561
521
720
625
606
756
482
511
590
670
553
551
669
601
635
675
594
550
550
497
690
588
522
528
512
589
555
738
707
538
639
549
610
539
744
514
638
551
738
655
577
594
644
502
526
684
488
557
510
589
736
502
549
542
614
535
556
613
496
489
570
574
509
483
664
592
690
526
490
614
663
543
502
504
654
668
514
525
562
641
669
619
669
569
491
594
534
512
563
553
523
696
636
476
540
509
544
502
499
554
506
557
720
640
559
496
541
595
548
508
478
498
515
489
692
599
523
597
629
503
601
506
581
555
493
514
571
554
689
717
553
555
590
611
696
610
547
539
645
779
513
492
510
609
500
668
550
599
599
557
579
510
573
745
594
573
628
612
525
559
652
545
479
692
489
548
607
573
540
481
481
568
633
730
567
549
503
525
625
616
602
522
490
511
680
505
636
539
529
523
520
734
595
499
639
543
561
655
588
637
646
761
551
522
582
529
563
552
486
571
531
766
703
737
490
559
614
589
542
587
524
550
531
490
548
597
500
571
590
521
493
535
498
653
693
628
519
485
616
503
640
589
531
742
529
752
572
518
570
526
556
586
510
509
756
628
551
566
506
514
632
561
630
535
557
605
482
525
506
493
577
569
513
550
636
499
503
528
534
507
520
502
717
688
548
707
501
723
560
664
541
583
509
609
564
549
511
486
640
505
626
758
607
523
736
630
502
534
672
499
602
556
493
550
585
556
575
531
603
692
538
505
628
552
635
553
509
553
581
543
527
681
487
530
584
546
509
527
534
577
514
489
630
520
560
563
613
536
727
569
497
512
538
602
503
556
506
481
487
514
549
696
548
557
602
598
726
707
592
578
577
489
616
492
522
619
503
656
607
491
527
518
691
537
544
617
506
495
547
566
619
577
594
632
640
565
651
480
622
563
589
493
500
529
610
709
632
667
549
695
567
645
584
491
587
583
681
635
567
620
526
506
727
529
528
671
623
536
559
775
569
508
619
566
584
594
574
502
638
494
539
547
582
501
625
589
630
586
651
540
577
742
527
515
545
648
534
718
510
506
730
563
677
500
725
586
701
562
555
630
523
650
708
492
540
514
502
492
600
492
492
559
616
544
485
511
621
546
547
605
527
589
536
538
472
529
642
570
495
527
628
564
556
716
645
500
511
526
600
490
574
590
479
500
583
511
717
475
508
487
508
561
480
540
592
728
566
516
606
629
533
572
649
571
645
581
486
558
615
680
495
650
566
650
507
589
527
493
621
540
578
529
563
594
507
523
507
517
619
539
487
491
725
622
555
576
561
494
567
704
528
559
501
583
512
526
627
561
686
601
538
565
513
758
504
629
646
487
489
656
543
533
673
723
549
758
645
529
709
580
610
497
523
547
501
491
523
467
527
495
506
569
518
623
482
554
686
535
651
554
522
521
484
689
494
641
570
651
732
564
575
741
657
533
509
633
552
490
584
627
590
555
627
535
506
557
704
493
518
571
639
654
749
561
818
623
523
611
652
545
562
509
570
539
484
622
539
516
487
590
576
538
509
735
570
542
533
558
537
577
546
613
510
572
496
629
723
493
539
626
743
492
509
495
555
582
649
568
558
567
623
584
562
498
758
591
571
553
528
613
583
638
486
500
607
498
495
666
554
563
518
485
566
523
541
580
566
542
513
591
519
656
566
630
628
731
769
670
662
623
496
708
604
633
497
574
671
481
636
659
554
576
523
550
727
519
591
487
710
697
491
696
615
527
606
511
574
592
573
569
634
650
505
555
517
564
534
545
529
540
570
497
534
522
500
572
484
561
625
496
583
516
587
477
617
607
491
563
560
509
491
506
515
599
587
525
620
625
560
755
567
488
568
570
594
564
561
539
530
490
571
717
567
636
536
553
524
507
594
599
489
569
545
578
544
546
600
599
540
530
729
613
588
495
490
494
685
483
521
514
596
561
522
567
545
615
550
603
564
652
491
494
731
599
580
726
533
697
594
706
732
493
477
490
521
587
527
538
494
532
580
668
733
583
583
576
539
581
542
501
535
504
545
494
601
660
594
479
602
733
677
493
660
482
524
583
694
570
508
559
528
657
565
516
536
627
554
723
501
522
682
524
588
508
555
681
538
561
508
549
582
504
553
524
749
488
663
597
505
521
484
743
661
511
681
505
646
732
481
684
597
577
570
540
539
543
500
556
579
654
521
628
719
488
490
673
741
599
516
628
606
505
556
623
657
519
485
604
576
483
555
515
590
545
504
517
532
623
507
532
595
580
751
649
723
555
501
707
567
597
579
482
536
519
527
510
610
556
509
536
501
493
607
640
588
597
499
569
480
475
526
630
690
556
658
518
506
694
741
565
525
644
643
561
530
713
494
549
497
486
588
490
748
737
517
617
490
573
632
550
526
576
563
522
624
504
638
597
734
600
524
540
569
552
681
517
540
699
611
475
542
523
511
495
513
678
690
523
635
606
561
489
524
738
689
595
506
523
488
727
541
487
635
563
523
566
638
543
637
708
498
530
485
508
603
572
544
749
614
520
590
525
519
569
643
510
590
558
501
648
722
522
638
525
572
580
550
493
584
560
588
592
672
616
567
539
487
513
506
512
724
739
565
600
593
695
499
582
740
667
530
515
580
557
509
684
660
667
579
510
496
671
647
651
534
562
605
732
597
591
621
517
535
516
609
560
565
554
542
541
632
584
634
574
504
725
507
591
538
670
644
490
521
576
566
553
545
533
636
602
635
545
577
513
580
591
611
475
564
543
518
532
552
583
543
647
688
599
488
520
724
541
500
570
555
639
557
605
607
716
490
497
505
556
494
506
541
505
483
517
601
750
513
544
575
523
613
538
735
631
522
497
533
601
505
548
664
576
697
591
491
592
492
537
593
605
642
518
477
569
728
536
526
611
560
539
508
654
568
521
584
524
527
470
682
555
590
517
662
582
611
629
586
679
570
568
571
479
487
494
508
489
652
673
505
507
595
573
547
584
521
535
577
571
488
589
616
636
717
622
552
688
709
667
528
526
515
558
496
624
561
726
522
549
534
582
500
490
473
494
576
621
584
545
591
496
772
565
496
744
608
503
601
606
572
601
573
524
639
579
649
511
529
491
577
737
541
496
617
566
537
555
546
513
551
544
488
521
561
556
623
538
589
675
555
524
628
656
636
577
594
563
506
571
724
592
667
552
555
501
550
614
496
733
486
548
571
544
545
589
512
482
496
514
547
603
605
599
581
496
482
633
501
509
508
515
620
483
669
546
598
496
750
555
572
488
490
496
649
598
518
574
669
540
608
486
609
500
577
682
593
730
582
642
486
635
508
622
489
558
663
555
518
506
482
520
547
492
546
566
530
683
549
534
563
764
560
508
741
530
572
613
544
586
602
498
569
537
513
523
487
536
618
513
720
556
606
584
517
703
510
525
541
520
553
487
498
547
564
546
500
602
546
682
580
497
497
594
714
628
592
624
511
728
573
685
677
604
666
585
693
488
490
640
568
634
585
535
651
722
512
487
579
553
660
510
693
549
512
572
518
525
625
537
583
668
558
599
600
494
531
750
507
596
548
544
625
579
553
535
610
490
501
510
662
598
627
571
482
490
540
651
536
610
700
547
705
655
497
655
534
555
569
486
490
597
524
670
532
585
519
613
532
559
579
546
589
640
599
695
602
584
586
527
484
619
721
553
533
542
619
649
529
657
526
637
688
601
526
548
588
520
614
648
728
487
514
602
576
608
540
711
581
557
515
587
493
642
634
493
614
619
491
532
537
584
577
638
488
729
612
633
646
491
579
483
518
485
506
558
711
580
582
570
518
553
718
499
499
554
553
499
627
698
556
733
589
547
566
479
669
563
597
586
528
631
549
582
600
553
515
549
622
646
524
556
599
607
488
485
597
722
568
521
728
576
544
540
590
585
500
676
515
636
626
623
489
727
491
563
579
577
571
517
530
508
504
590
695
487
534
586
506
534
596
575
549
634
562
557
597
580
544
572
493
491
642
667
558
597
591
535
544
600
517
561
708
733
690
625
668
572
684
495
544
740
516
546
535
598
601
644
615
573
481
512
525
650
519
664
538
549
500
615
738
597
738
483
487
595
488
570
545
730
520
567
660
496
603
627
486
527
486
569
529
528
488
574
557
652
740
550
511
692
514
562
492
608
564
486
566
478
545
569
586
583
473
495
555
536
529
485
502
507
592
497
493
654
501
779
506
653
655
483
678
701
516
558
716
511
616
486
610
622
680
665
530
621
567
558
510
501
512
587
569
708
560
502
582
564
558
592
498
560
626
605
599
567
681
600
500
640
519
512
591
599
487
646
606
488
510
617
755
530
600
565
498
480
490
736
588
527
511
590
552
527
484
588
495
488
731
487
562
614
618
488
689
662
695
707
606
488
593
510
527
487
694
564
799
540
561
545
543
479
568
627
562
523
548
632
638
599
558
553
595
529
728
504
584
527
690
580
626
569
566
690
668
551
631
484
495
585
675
740
648
480
719
571
518
590
589
577
575
569
745
567
668
580
730
555
552
517
613
765
501
589
749
562
483
610
542
540
500
706
528
520
556
718
481
533
532
638
564
477
573
554
481
569
620
570
533
511
585
561
483
516
721
518
544
572
539
600
766
520
597
524
623
660
518
733
482
556
542
650
533
707
590
663
589
492
719
611
499
767
593
548
573
491
745
714
527
662
640
739
686
555
486
589
712
743
544
599
637
544
625
631
548
595
697
556
639
653
527
649
601
667
585
564
556
575
580
527
596
513
549
559
585
515
532
529
614
490
623
705
697
508
507
583
537
745
600
609
622
554
624
593
582
582
471
527
566
649
754
561
642
505
496
536
595
557
621
613
546
645
488
679
603
548
603
511
610
518
504
549
653
544
551
562
586
705
647
539
755
669
611
508
577
489
591
606
578
716
577
592
651
523
699
531
524
497
556
734
740
641
529
579
552
535
614
640
537
603
500
605
652
607
617
684
495
557
614
577
512
493
690
589
486
743
550
541
585
505
701
514
493
558
551
601
582
618
563
505
631
489
580
620
537
672
532
602
579
584
530
587
540
478
513
509
689
645
572
482
567
589
594
636
629
538
474
492
563
724
608
490
566
515
519
570
610
552
587
607
487
525
550
499
512
628
481
604
508
487
705
550
589
548
561
685
562
479
488
614
748
518
612
489
500
527
507
538
538
731
795
535
555
501
547
513
498
657
656
617
510
494
532
539
622
480
550
776
717
486
534
492
498
535
652
484
596
523
575
754
544
580
564
504
649
707
511
590
638
543
579
513
512
636
594
644
536
544
667
523
566
731
528
689
504
605
518
497
491
563
640
602
550
503
546
572
539
568
662
573
512
589
618
623
612
518
712
530
571
706
733
561
476
521
500
564
562
617
563
590
481
566
582
597
698
521
530
508
721
541
562
555
586
624
579
538
581
662
568
531
613
545
615
488
551
484
514
550
539
539
582
549
585
568
515
578
492
636
535
501
517
661
559
744
530
720
497
679
523
536
645
530
580
490
508
515
590
601
609
646
569
748
534
497
564
489
572
579
601
661
547
559
615
506
614
585
673
564
600
612
517
513
716
535
569
751
512
548
565
656
487
605
611
539
490
485
482
506
562
512
614
720
566
564
490
604
728
512
711
548
742
631
530
619
645
584
730
632
499
633
504
603
576
586
550
533
732
602
522
594
508
553
525
628
535
720
598
587
525
580
576
489
624
566
617
666
588
569
535
770
485
543
749
621
504
502
535
480
490
509
575
515
568
519
550
515
595
573
623
533
552
630
618
607
630
619
519
633
556
636
610
491
479
536
480
578
525
604
480
668
511
566
648
553
485
652
651
664
596
584
538
745
759
588
558
566
524
674
528
500
525
623
541
485
532
493
580
637
480
557
593
613
485
585
506
689
728
533
688
682
543
548
616
644
513
751
594
594
580
494
546
509
533
490
595
555
494
588
614
648
491
612
609
488
709
566
687
546
673
540
543
690
514
681
542
551
641
527
506
631
578
515
645
700
543
495
772
565
505
524
706
554
511
506
553
557
525
604
725
582
680
665
563
541
707
490
492
505
488
530
502
524
683
536
515
665
531
693
523
587
652
675
569
599
726
643
614
503
525
675
601
500
601
492
600
682
544
516
480
606
492
524
585
538
530
481
498
662
519
500
558
502
576
491
539
633
528
502
647
561
707
713
551
708
530
601
580
673
481
562
707
480
527
595
662
655
497
605
544
654
498
591
625
521
538
534
486
474
496
513
598
474
630
518
557
746
482
486
616
511
541
556
552
532
606
670
579
480
739
496
580
594
556
716
483
519
544
568
674
702
547
584
688
561
506
603
709
560
630
670
559
526
530
532
676
676
507
537
493
548
547
758
597
517
546
667
619
706
524
630
645
668
558
556
498
481
548
529
631
524
526
571
629
535
595
624
518
605
778
527
566
509
536
476
521
481
666
704
577
728
726
515
600
506
483
514
548
816
586
538
739
491
631
533
527
722
606
547
561
606
501
566
549
489
594
717
541
634
495
722
607
566
602
544
690
491
701
648
551
595
536
653
527
493
580
562
675
629
718
607
597
586
481
555
549
583
608
546
483
496
639
565
485
585
488
485
704
548
620
632
574
569
553
495
494
581
601
560
494
624
555
607
539
690
529
510
596
520
586
496
648
483
525
596
545
674
583
509
643
486
709
532
722
653
754
696
610
756
537
522
498
501
738
551
495
559
524
494
577
620
609
576
576
488
627
490
613
694
683
666
576
493
569
495
549
529
546
694
556
529
523
553
485
518
532
603
555
606
596
712
564
548
532
582
533
755
526
546
611
615
520
586
546
471
498
515
684
530
500
591
646
638
584
654
525
585
554
510
496
722
509
724
503
576
505
491
689
575
503
609
658
534
641
544
491
527
578
507
683
556
523
603
651
511
522
662
727
496
567
569
616
505
491
707
608
576
532
487
487
622
525
485
542
534
578
574
565
618
599
543
622
546
633
563
550
692
538
609
546
585
590
534
484
519
585
575
593
699
523
546
610
550
575
500
545
580
543
583
606
580
636
526
492
580
612
491
614
553
515
495
541
733
680
721
752
554
576
653
570
543
609
747
560
529
488
535
538
543
597
489
501
719
569
485
621
571
702
626
549
573
557
515
519
606
564
647
754
735
736
523
500
740
598
700
489
673
595
486
637
521
715
685
568
673
549
538
507
735
552
719
592
496
574
513
608
552
585
549
622
585
583
573
609
526
554
619
531
549
610
668
676
585
558
495
510
539
624
526
518
483
489
658
645
547
546
566
495
501
603
661
526
550
494
558
518
696
557
614
519
504
514
631
711
697
537
586
553
736
584
630
575
552
527
609
551
567
571
605
486
624
661
647
627
542
495
707
673
565
585
572
567
545
636
573
644
497
514
482
593
674
584
617
490
542
514
601
513
496
712
563
605
576
682
514
569
501
549
543
571
721
488
520
614
489
479
689
584
561
589
483
663
550
482
541
501
571
649
674
632
601
656
549
630
539
497
584
584
570
633
626
570
558
531
541
535
628
589
555
511
583
649
573
707
658
588
669
495
586
536
637
620
520
721
688
481
481
563
499
554
503
608
587
577
713
645
563
499
488
651
565
497
567
615
504
697
587
568
488
645
564
692
509
489
561
600
615
596
504
502
493
504
488
597
589
545
683
490
493
561
529
488
513
558
723
587
520
514
503
580
588
554
574
563
574
560
574
583
643
660
717
697
489
573
584
752
564
529
689
501
662
535
525
734
578
585
493
550
546
614
551
547
558
605
497
683
533
561
636
503
663
535
604
626
520
515
499
627
640
588
594
498
489
569
537
478
670
563
721
616
680
526
647
633
663
580
610
707
645
499
528
606
562
502
601
679
629
696
519
638
493
602
544
694
484
650
579
650
617
607
709
710
487
772
520
589
710
489
626
640
499
537
566
588
544
487
593
515
564
596
496
669
583
594
561
559
567
608
577
503
528
517
521
601
617
487
529
486
519
508
509
619
715
520
552
532
525
567
515
497
518
670
624
529
510
607
495
657
591
517
500
653
613
580
482
499
610
497
648
542
699
494
600
648
722
586
601
585
514
568
624
482
612
525
609
578
598
507
724
510
502
556
484
513
683
687
532
496
555
562
547
542
482
708
753
551
526
541
574
532
599
594
491
508
636
553
494
622
581
517
522
544
547
606
724
664
513
599
622
615
732
504
679
475
508
668
505
733
568
615
619
656
591
538
630
681
513
626
715
604
498
654
527
529
529
534
510
563
501
606
714
487
507
562
489
534
619
572
492
649
524
630
708
533
484
552
516
701
571
620
533
540
737
506
722
620
577
616
535
672
708
733
486
539
673
654
497
517
542
537
664
553
535
742
519
591
583
539
479
505
579
594
504
617
500
590
626
498
630
523
555
647
589
563
519
516
587
492
508
595
625
513
489
510
646
633
483
556
486
586
624
495
530
689
499
493
590
489
546
658
572
645
542
652
521
685
487
495
541
587
536
517
491
547
635
581
502
604
637
697
717
501
498
522
550
530
522
495
591
571
538
588
619
540
573
580
542
617
497
595
682
505
614
638
524
492
589
547
609
587
759
554
539
580
627
512
511
703
543
577
484
659
487
495
503
779
651
603
518
583
482
624
557
641
612
494
541
656
543
617
551
489
489
514
680
566
506
529
488
548
504
481
548
488
576
485
540
676
686
652
489
590
583
520
602
599
583
611
617
605
598
607
534
733
506
680
701
598
657
496
699
508
495
494
567
490
588
654
478
501
489
493
508
515
615
646
515
495
704
571
641
529
709
691
517
716
533
489
533
650
553
527
489
558
556
567
513
577
649
537
754
538
575
551
606
555
564
492
559
535
579
708
488
674
526
727
544
480
614
538
601
514
527
702
578
744
505
571
710
637
493
612
682
639
491
590
621
576
662
572
581
552
480
729
528
574
631
559
561
641
595
534
539
635
510
582
587
548
524
519
637
602
581
684
494
569
524
579
493
600
567
498
509
723
494
510
591
659
622
572
540
496
567
504
561
490
564
561
580
637
489
478
490
586
556
512
658
500
531
570
538
590
722
532
594
594
573
526
713
619
631
500
582
562
649
593
623
599
487
559
582
663
489
590
536
586
727
515
541
535
590
494
523
740
626
489
756
570
613
549
523
491
587
487
624
576
558
561
512
493
652
604
528
477
588
597
577
584
587
530
562
660
503
517
543
595
503
520
696
505
638
516
536
633
730
627
561
680
580
620
680
500
611
601
566
511
663
581
635
664
500
549
551
581
490
590
569
625
602
480
643
527
493
497
577
562
486
530
483
695
512
488
520
566
495
503
570
543
588
490
600
493
593
563
624
488
547
579
504
498
525
522
631
485
574
488
575
538
497
610
698
628
483
506
573
617
496
619
747
525
505
496
661
719
530
513
737
487
518
659
560
531
650
503
622
527
559
643
522
525
554
565
483
603
595
631
536
623
544
741
573
522
485
562
552
520
514
499
558
532
554
691
504
626
610
652
718
681
664
510
625
503
612
560
577
598
631
615
486
522
560
568
578
508
518
632
591
629
577
495
536
557
557
545
642
575
579
562
525
523
580
535
819
627
694
543
545
524
492
475
514
626
736
674
499
699
494
752
604
542
665
716
551
744
486
613
551
598
557
592
497
495
632
521
579
773
596
542
607
497
686
564
509
716
490
588
550
697
525
714
756
512
638
651
483
572
770
606
574
489
615
576
592
502
706
571
515
546
588
501
523
635
590
560
603
490
610
570
756
517
484
491
499
555
488
574
490
484
510
543
625
572
495
495
642
616
676
511
561
580
722
673
764
495
528
583
719
683
536
578
544
532
715
577
732
540
507
495
500
562
495
531
542
527
557
519
496
483
574
658
525
515
497
681
478
685
619
605
531
692
484
551
490
502
499
501
505
774
523
598
574
568
606
692
509
489
568
574
620
484
519
557
588
544
645
492
744
518
597
543
552
491
633
501
633
520
596
617
600
646
588
540
617
591
544
521
516
754
537
597
628
484
660
539
639
538
497
552
590
590
623
557
486
503
581
614
516
710
521
619
595
529
563
522
619
509
636
562
621
696
655
634
710
543
494
520
528
551
538
604
624
515
532
553
517
624
721
532
594
709
517
577
531
687
632
580
735
490
560
488
605
690
735
523
486
614
593
569
568
540
737
747
615
564
554
546
566
629
563
535
629
591
609
584
545
492
498
665
521
543
538
553
577
582
619
574
497
499
687
693
604
505
572
518
580
490
536
534
555
608
635
684
721
644
509
523
576
555
566
567
646
489
476
602
490
486
688
585
568
567
595
540
660
555
732
630
542
618
553
544
595
626
533
610
574
527
698
490
511
512
483
595
755
482
732
508
492
501
677
507
530
535
492
505
493
609
563
534
535
499
632
613
507
572
536
584
545
692
554
627
547
745
498
590
549
568
656
495
608
507
504
488
522
604
569
578
554
515
582
640
562
547
570
540
484
638
534
575
481
553
543
581
567
630
543
483
511
569
614
558
563
485
480
733
561
514
569
506
529
502
640
599
505
574
588
750
594
750
610
579
631
504
516
509
493
567
499
505
621
562
558
609
603
542
480
489
506
589
578
554
488
494
570
475
568
663
643
706
706
714
635
606
591
500
542
585
615
654
735
733
632
618
522
499
635
494
502
525
610
567
766
497
641
709
562
754
609
754
499
557
634
581
489
597
570
608
513
764
606
481
507
607
500
638
504
494
629
534
491
682
573
550
607
637
658
623
599
501
607
501
511
556
488
531
531
587
582
601
656
529
537
591
547
540
640
514
567
651
614
736
513
626
509
590
618
583
576
484
608
501
504
486
753
493
489
532
547
546
507
498
724
599
649
487
664
606
592
659
738
739
588
527
491
730
492
508
596
536
638
489
549
529
637
553
509
596
587
687
543
579
528
635
489
593
502
482
546
553
523
559
579
637
559
682
519
589
573
577
596
683
595
557
541
690
613
652
654
551
626
488
603
487
618
589
626
531
530
643
526
589
626
546
754
623
635
561
509
518
498
474
488
655
510
602
604
527
481
567
560
664
566
537
643
637
550
530
486
616
491
669
575
619
565
602
610
596
574
622
528
609
551
742
477
547
634
537
526
498
514
565
553
535
560
592
494
538
610
540
605
480
496
737
492
565
594
538
482
551
501
533
501
597
733
612
492
537
535
610
537
656
766
693
612
500
638
492
654
634
656
588
606
537
591
560
714
746
684
711
717
671
641
480
742
562
568
492
535
533
509
616
524
731
500
570
558
687
501
594
506
539
654
586
720
548
502
724
544
593
583
553
639
521
500
725
657
603
647
507
617
500
615
586
535
577
570
504
548
571
626
498
567
532
583
598
503
593
503
512
479
561
561
626
513
502
631
606
776
630
620
567
480
551
474
638
480
592
519
509
589
513
561
604
562
517
743
601
567
494
718
513
624
564
731
488
522
604
603
556
609
488
500
552
560
597
588
665
532
578
536
597
550
711
675
613
561
511
501
557
684
500
583
607
576
498
504
499
751
503
507
562
571
495
524
531
518
712
722
484
526
492
628
573
496
648
516
671
482
561
551
543
494
618
545
671
480
496
573
602
725
477
648
531
574
592
510
517
719
644
588
694
597
525
548
552
538
536
645
692
514
536
556
598
543
564
515
681
715
501
528
555
642
603
604
497
490
622
565
522
541
488
501
639
550
622
734
496
603
666
489
721
569
515
606
541
581
487
503
540
535
713
524
527
544
480
640
523
484
701
536
549
654
558
504
550
563
601
570
687
715
514
578
575
587
667
513
790
618
645
618
508
524
586
726
478
586
507
575
558
618
601
542
708
647
748
678
485
509
559
579
571
543
535
500
535
648
567
537
502
562
510
646
574
576
548
537
515
581
603
616
527
589
658
520
595
602
519
594
512
517
572
632
586
726
591
507
519
470
664
559
485
648
600
755
605
495
716
577
545
511
606
536
600
719
503
492
713
478
659
539
636
755
521
473
488
715
575
525
620
508
547
503
616
592
753
494
602
529
549
509
586
526
485
527
498
604
761
594
734
482
622
652
702
717
603
496
533
660
569
514
577
546
523
532
610
521
627
576
511
488
546
587
486
608
672
666
745
520
559
518
574
625
541
597
481
710
501
552
729
615
583
569
530
504
582
581
695
592
576
577
558
728
546
610
610
714
507
487
519
489
490
833
547
580
541
697
549
484
503
639
575
749
691
607
683
738
495
479
543
541
540
604
505
490
504
589
546
554
480
566
490
668
593
637
499
487
569
550
573
550
521
562
673
541
602
705
517
663
614
530
610
743
595
522
485
522
500
595
535
503
590
503
491
552
639
541
555
688
665
486
581
645
484
725
588
590
635
551
553
631
598
488
504
752
514
477
564
510
528
570
619
541
602
588
532
564
647
587
527
618
777
499
565
489
584
545
637
566
496
708
784
547
617
677
623
615
649
499
631
647
577
502
589
731
595
791
635
481
534
481
682
552
493
490
554
590
729
483
664
681
508
499
648
622
608
551
631
568
637
711
494
607
584
573
506
595
692
489
533
580
482
710
491
573
499
671
559
493
562
509
572
497
739
606
660
732
542
515
594
501
715
599
526
540
732
610
623
579
491
527
584
639
718
549
563
502
572
597
548
710
557
567
611
497
627
555
680
595
500
527
536
579
687
633
587
579
648
595
518
526
523
597
539
624
528
499
481
655
537
635
592
524
646
495
614
531
564
661
600
642
573
615
582
733
507
483
483
492
568
516
696
588
554
555
517
481
651
541
485
479
561
696
499
618
567
514
492
634
515
507
628
570
576
531
511
524
572
487
654
592
543
738
722
503
497
483
607
688
728
503
480
508
582
490
502
608
493
502
713
559
574
689
680
559
735
487
516
507
612
571
555
495
671
708
582
586
515
727
697
523
485
490
607
532
663
681
542
714
640
653
581
601
729
609
584
628
657
489
527
488
625
542
657
585
569
492
559
658
484
773
496
485
635
559
487
483
566
629
534
587
661
504
620
600
511
532
573
702
599
654
582
475
722
536
484
580
590
560
546
590
514
525
486
731
570
636
511
767
520
565
496
687
635
538
602
635
645
723
705
511
487
584
734
605
633
526
507
643
483
742
553
508
584
616
503
593
660
615
509
481
552
607
643
497
601
508
692
540
587
590
611
619
695
534
605
576
483
491
633
615
499
619
620
570
506
519
570
536
601
527
492
558
584
500
488
554
533
624
599
485
622
594
598
563
566
603
629
485
631
527
586
537
544
526
639
668
556
633
502
672
546
485
506
634
474
510
520
482
673
665
642
585
638
523
680
507
646
578
668
707
652
625
555
489
543
581
574
523
499
483
508
731
546
609
638
526
485
654
748
630
551
528
562
551
665
689
576
577
719
574
585
485
549
554
674
525
487
518
494
707
484
534
562
591
484
501
581
658
523
542
605
556
566
652
652
644
710
682
492
630
488
483
596
483
515
587
568
609
537
707
486
677
635
655
734
686
712
516
587
562
501
518
514
670
538
517
640
523
658
494
487
566
607
483
482
642
525
574
559
705
640
656
574
514
585
528
507
547
625
514
572
499
591
545
601
717
504
597
608
562
486
638
597
513
576
537
513
546
479
501
648
680
614
606
560
508
609
535
534
708
606
484
566
519
553
635
572
629
585
619
487
483
614
607
671
546
678
668
626
594
490
503
484
611
574
578
606
546
591
606
634
505
493
535
592
551
562
542
496
527
493
502
527
601
566
550
615
493
474
555
731
485
490
506
517
478
706
525
593
759
584
727
532
508
514
658
593
552
582
496
564
578
636
582
598
523
594
626
558
614
718
639
629
478
661
575
508
612
584
602
632
608
655
611
512
485
529
633
495
623
593
704
679
695
586
518
676
484
491
497
507
553
502
588
648
533
561
512
498
603
599
725
532
505
602
588
481
626
524
500
531
527
493
529
551
544
562
539
583
563
482
605
594
667
615
567
690
771
530
648
519
508
643
504
532
487
663
552
563
492
529
723
521
487
556
516
613
554
490
490
507
586
603
529
618
735
493
498
492
524
625
506
775
497
532
550
610
594
551
513
543
550
503
622
671
602
526
501
607
645
590
610
564
633
498
723
494
764
589
531
491
634
686
504
478
729
725
545
556
525
505
596
553
641
547
534
542
678
515
514
561
604
617
596
520
576
701
574
565
547
727
612
499
502
497
525
715
737
588
493
574
557
592
556
637
556
494
615
649
561
497
564
487
501
597
581
507
667
630
523
601
604
502
616
489
558
511
613
539
506
674
544
628
525
684
522
555
530
582
594
498
609
555
532
569
506
506
702
579
646
499
665
518
546
491
641
678
550
638
626
661
623
766
564
500
486
569
554
587
703
704
588
521
699
596
492
606
503
489
621
488
549
503
500
605
569
661
653
589
578
715
492
580
587
550
575
698
577
506
708
540
646
475
512
581
599
574
744
495
529
632
526
571
572
600
611
552
698
522
597
476
588
659
543
661
650
564
708
577
508
712
632
514
612
522
502
535
570
562
519
538
536
552
481
589
565
716
628
524
585
584
501
481
516
494
542
536
524
491
680
486
536
662
528
650
592
501
665
592
582
793
619
621
497
552
726
654
515
512
589
601
527
642
560
540
523
524
572
570
746
482
559
537
482
531
704
683
525
558
638
700
575
544
523
498
718
519
489
508
507
627
523
592
574
586
494
616
496
482
577
583
684
556
593
563
497
588
544
602
570
573
583
637
553
566
546
559
565
497
569
577
505
536
608
734
500
626
623
606
532
565
502
642
574
625
495
628
742
616
679
580
549
669
574
592
553
492
596
701
523
726
532
529
568
726
523
635
651
567
490
493
533
575
549
501
714
636
631
556
721
525
543
643
630
497
691
525
634
496
559
575
493
624
524
548
481
554
610
651
513
644
501
530
743
545
616
608
480
528
491
519
621
560
645
637
530
601
502
539
613
534
488
484
616
580
530
511
494
635
613
497
540
459
527
491
519
480
514
605
572
742
518
576
501
681
631
621
601
641
521
662
681
642
572
675
685
632
483
502
625
615
634
654
619
548
527
582
557
559
510
594
608
522
508
522
715
673
628
561
605
494
525
538
693
488
623
479
665
680
517
536
557
625
684
580
603
522
623
555
495
546
542
492
539
486
609
562
640
592
633
609
593
538
710
726
605
572
750
539
641
558
591
489
650
580
602
517
618
515
493
586
585
560
517
524
658
562
601
537
520
501
535
693
718
501
749
584
552
572
618
653
567
531
634
659
492
631
551
597
601
508
533
751
587
604
570
531
551
570
771
676
548
606
556
584
491
696
651
595
481
522
550
497
605
543
493
613
475
619
630
507
568
587
588
728
517
638
483
513
499
580
640
572
541
544
636
477
491
531
542
733
590
581
651
592
493
559
496
556
644
637
592
633
523
682
570
619
509
585
478
568
562
620
552
518
556
497
501
491
540
668
573
580
492
526
728
569
526
519
582
529
534
485
589
603
491
666
522
554
535
617
544
503
722
597
613
699
570
610
503
547
561
495
718
620
707
627
485
567
562
534
514
495
517
527
545
498
523
605
523
615
585
632
487
575
520
623
647
525
507
578
508
645
554
507
654
555
645
498
562
505
549
601
641
516
547
548
602
639
700
596
598
507
540
569
633
485
497
540
571
548
501
551
692
497
592
654
653
575
742
686
589
548
785
635
709
541
546
580
495
663
492
602
535
693
535
595
586
496
569
532
545
530
552
658
607
587
713
681
478
648
549
572
523
645
599
607
709
633
639
667
554
551
540
561
552
656
508
520
716
488
495
532
508
518
680
608
573
593
488
594
504
711
651
671
744
540
633
728
701
562
680
517
570
540
511
584
723
625
581
520
558
558
489
481
513
513
608
675
536
489
561
495
739
493
545
558
522
586
555
507
546
503
562
559
484
538
619
557
619
625
495
521
573
505
632
550
650
528
495
517
556
532
622
533
540
548
663
500
585
497
615
553
591
731
665
591
474
645
763
526
552
727
579
619
523
561
610
609
534
735
523
595
623
491
625
511
581
605
498
507
718
648
634
516
493
509
595
632
528
720
662
703
568
604
616
488
531
609
485
508
695
712
614
527
496
526
499
564
509
535
518
553
654
579
663
737
516
485
511
571
520
739
672
634
645
573
535
647
657
687
731
640
513
746
598
536
492
510
530
569
504
651
678
482
522
493
494
582
502
610
488
663
600
484
652
651
700
686
640
565
496
598
548
713
634
735
545
689
518
582
490
627
601
550
603
548
592
512
497
639
532
524
486
599
564
566
670
489
621
499
599
527
696
481
644
614
526
588
699
498
592
506
526
627
561
518
693
617
534
545
592
583
563
478
576
557
656
557
555
586
530
634
615
509
614
728
588
501
587
723
493
493
594
566
514
496
507
515
508
567
526
536
669
511
541
689
546
625
511
605
508
770
602
522
519
587
577
563
602
496
515
582
493
518
560
523
612
535
640
575
673
589
586
640
679
556
597
577
510
489
514
693
559
566
613
600
595
607
511
476
536
553
488
489
578
577
503
612
563
520
595
637
664
472
644
529
515
553
481
479
508
720
567
611
489
502
551
516
536
587
650
533
571
701
518
516
501
492
724
591
548
527
469
551
592
596
553
503
493
568
649
521
726
513
503
529
535
590
583
540
517
566
600
558
581
565
629
592
536
751
662
573
645
604
579
509
532
564
500
588
582
668
596
517
714
521
671
638
740
600
727
480
507
543
543
490
482
521
664
562
558
552
627
498
486
575
565
562
480
483
653
497
501
575
563
520
581
556
575
478
553
557
642
708
570
721
563
509
527
496
545
572
785
707
554
557
570
590
514
516
669
744
656
518
658
494
584
495
651
555
597
563
566
669
739
578
572
554
492
478
480
504
594
535
536
512
558
633
657
582
707
725
516
675
538
529
630
735
730
502
539
504
505
569
624
555
569
598
599
602
566
618
492
540
545
523
725
580
657
696
588
625
537
652
542
481
541
523
615
495
587
580
516
618
560
613
578
555
542
681
493
737
601
614
551
509
655
532
689
490
534
597
515
605
624
479
569
487
537
485
506
561
620
725
637
531
501
536
594
724
497
760
685
525
498
624
512
593
581
637
551
515
646
664
588
600
594
599
717
600
484
478
543
497
699
562
482
537
510
656
549
526
491
600
636
615
504
578
584
645
640
601
556
599
536
653
625
522
575
725
552
514
496
561
623
530
548
498
507
635
638
519
653
599
506
534
604
673
648
485
494
517
537
612
498
649
718
569
514
492
659
543
552
627
545
548
499
598
540
528
654
590
545
532
505
514
576
601
525
574
533
639
565
483
504
674
586
632
607
560
509
555
506
600
632
505
579
704
494
636
631
502
563
541
522
581
506
531
601
568
610
599
619
576
500
724
490
594
591
581
659
609
542
600
728
580
498
697
550
557
553
542
622
542
639
599
488
545
621
521
525
492
657
635
575
549
660
536
579
663
687
598
487
709
505
611
603
650
643
585
721
748
566
720
666
754
512
509
626
593
689
526
586
495
511
581
488
555
515
603
559
708
597
563
738
728
687
532
622
479
547
493
670
642
552
548
542
621
609
739
511
573
667
569
610
480
526
490
726
575
495
493
522
632
581
499
537
519
497
715
701
558
496
544
584
648
529
524
534
577
532
493
665
542
627
645
517
498
490
534
584
695
614
680
730
565
743
716
615
582
549
606
565
705
490
536
507
577
513
523
594
567
640
599
570
714
538
557
483
664
584
531
631
549
741
506
550
582
557
573
585
514
553
557
509
621
604
547
546
560
511
581
583
651
645
499
629
530
540
658
656
662
577
593
696
480
477
503
560
535
493
613
485
556
522
624
542
491
626
529
602
534
578
689
499
485
493
692
674
479
489
501
547
612
496
529
582
532
544
713
673
492
605
585
622
628
548
623
528
582
643
528
534
645
505
494
655
517
503
586
593
648
588
502
496
710
621
523
571
548
500
729
755
660
634
480
537
607
536
579
692
660
495
522
685
544
511
586
494
711
578
517
726
700
620
563
543
540
529
580
500
506
611
493
505
624
498
559
566
590
550
710
549
508
540
538
544
598
579
491
522
712
652
523
542
662
584
755
693
609
700
601
478
610
620
536
538
495
610
481
511
519
483
497
526
497
607
582
670
498
570
628
705
498
532
650
502
525
509
678
600
607
594
500
510
531
517
510
486
620
501
585
623
505
638
497
494
592
732
499
532
721
628
495
691
477
526
501
623
663
513
485
495
533
595
575
538
528
630
599
729
553
550
551
599
577
558
606
523
588
647
493
516
522
606
520
703
482
621
653
578
635
692
484
547
653
748
561
488
590
614
748
723
547
494
528
682
644
515
489
497
552
504
629
495
499
538
481
564
504
569
637
616
529
556
573
577
554
537
738
531
541
608
535
758
512
543
537
671
485
531
573
495
723
556
601
567
513
534
489
573
570
484
552
653
570
616
555
506
628
490
495
562
471
554
615
593
709
569
482
691
593
498
530
531
555
528
589
618
486
557
528
491
483
659
555
550
555
695
602
574
487
555
534
610
520
614
643
606
691
606
510
594
573
611
542
540
552
749
583
550
569
567
553
530
583
639
502
520
497
542
557
492
609
575
571
754
620
524
503
614
494
518
482
492
485
534
507
527
613
491
479
563
491
662
547
597
730
514
662
559
599
484
585
525
527
591
550
664
684
557
632
586
514
585
558
599
487
533
603
524
643
632
645
608
573
526
586
494
498
544
541
487
664
560
490
570
507
518
629
532
536
518
551
668
586
521
508
673
576
583
654
484
587
485
504
597
575
614
511
516
537
580
541
693
671
497
592
603
577
496
591
520
553
491
557
571
640
650
520
570
629
637
577
548
535
487
504
486
618
565
554
578
585
483
596
649
525
765
557
577
716
491
565
598
718
636
674
579
585
490
562
584
556
631
618
702
646
688
529
496
671
590
747
494
485
700
532
710
586
527
608
531
668
737
733
535
513
514
612
638
491
583
764
581
507
696
543
608
601
494
604
543
537
575
578
659
540
562
612
499
506
577
628
583
505
704
719
598
572
608
628
696
563
564
757
560
713
616
588
554
620
569
515
595
487
499
499
585
510
591
487
566
705
518
600
591
522
590
491
650
610
618
586
505
670
673
695
554
592
603
495
492
556
625
537
522
484
598
571
479
559
676
502
542
541
509
546
543
674
564
541
637
725
503
583
763
586
540
501
537
592
484
531
485
640
504
612
527
703
630
552
682
490
564
532
623
683
591
484
532
635
607
592
649
495
618
590
556
744
596
571
537
528
620
677
556
503
732
503
686
524
556
538
622
700
545
580
703
744
551
542
541
537
577
642
528
598
496
485
711
721
727
484
561
612
512
567
496
606
567
635
529
702
588
668
532
474
584
630
532
484
560
630
536
674
731
614
515
637
544
483
483
545
665
657
649
484
500
547
489
570
492
502
637
653
591
535
560
525
621
476
530
717
557
669
628
585
600
577
515
780
515
587
662
721
512
503
589
509
670
691
524
562
594
579
524
500
492
486
556
561
739
725
551
566
536
733
584
550
511
744
598
517
780
579
635
485
485
679
556
672
512
521
531
551
575
562
572
613
512
599
500
686
669
595
643
509
709
758
522
520
601
637
488
490
542
540
619
564
505
486
565
492
606
574
527
660
496
717
488
766
544
605
487
562
549
482
734
512
598
671
680
637
554
675
513
580
540
560
501
580
655
666
522
554
480
571
582
615
597
523
511
559
513
523
618
600
648
499
590
512
473
512
591
698
526
574
581
623
586
695
517
477
566
605
562
713
494
562
578
488
522
520
666
483
646
573
574
708
579
510
487
622
538
617
594
485
491
575
629
728
644
486
696
579
489
645
508
497
513
679
498
561
763
602
542
518
668
670
586
668
779
663
527
545
571
484
665
649
589
632
493
642
489
800
498
754
570
566
489
495
500
522
502
575
760
561
495
555
605
576
511
507
490
642
514
515
549
577
602
685
606
541
593
476
516
647
489
533
607
653
522
698
682
598
545
528
729
547
475
648
668
560
627
623
478
709
533
596
494
505
531
652
563
509
631
530
473
513
653
614
646
520
511
535
591
634
614
496
632
509
494
521
526
494
642
525
668
667
546
490
596
669
713
498
531
563
631
493
555
556
489
532
753
528
678
691
542
484
547
658
720
683
614
541
686
614
713
527
603
479
577
503
718
565
615
674
530
582
577
548
774
702
551
664
509
673
598
605
507
482
601
577
529
587
493
506
480
574
565
521
515
701
583
495
529
493
569
543
682
604
486
585
543
603
491
735
490
686
498
613
496
604
706
712
682
518
665
714
550
595
547
613
582
572
582
489
708
494
482
742
584
490
537
496
689
553
554
530
546
571
505
710
627
665
675
538
487
718
730
723
491
696
506
720
774
657
516
628
686
560
502
582
580
788
571
482
702
572
627
503
613
590
490
783
573
538
562
557
658
527
603
539
603
592
601
530
629
498
575
729
473
713
513
518
674
559
619
649
498
577
702
528
655
527
501
509
500
645
485
666
482
537
489
684
564
682
529
554
593
503
564
508
511
510
572
636
515
618
518
520
519
654
570
535
627
646
619
568
506
560
484
493
565
528
573
560
531
670
652
536
476
547
538
620
479
568
630
572
502
558
517
561
576
603
558
540
583
545
528
534
545
569
481
609
589
617
651
503
552
561
559
538
511
535
492
497
551
616
570
583
724
525
550
734
496
547
689
533
548
512
528
632
554
609
503
479
492
558
587
494
580
533
647
589
583
526
593
502
595
545
478
478
495
631
517
728
536
551
588
665
509
586
544
727
631
610
586
532
727
496
654
528
572
564
600
585
637
586
506
524
634
536
539
497
585
520
502
491
667
674
549
573
669
530
616
606
552
584
502
656
641
596
560
578
749
539
539
558
725
495
585
557
526
678
529
654
504
511
514
719
539
494
749
486
522
694
503
699
699
669
524
615
559
499
663
708
565
693
479
648
488
605
482
724
487
629
536
624
523
619
651
624
640
500
614
635
522
601
706
590
632
553
485
543
682
553
464
530
502
482
550
681
607
575
511
485
559
589
524
556
742
518
524
601
681
591
573
640
557
524
547
484
655
646
608
499
624
605
675
601
522
574
681
564
551
522
714
723
571
629
610
684
542
569
548
660
607
732
529
664
645
661
495
583
593
723
486
573
631
487
530
516
504
723
626
576
674
626
552
490
743
507
559
541
657
518
551
554
489
478
609
497
607
480
571
532
482
628
692
548
597
502
501
582
621
579
553
596
508
541
528
545
594
550
527
673
594
502
536
604
609
478
532
653
534
592
709
555
614
487
536
633
550
485
529
671
687
507
636
677
630
565
622
572
643
486
624
680
549
584
521
570
521
520
541
702
573
615
619
546
595
515
626
605
532
489
512
673
554
542
605
630
505
515
535
596
714
717
500
496
509
496
549
539
614
563
482
660
504
713
571
613
504
509
508
530
647
632
559
686
595
609
526
622
600
564
520
575
534
524
554
541
562
517
560
507
526
489
593
620
593
490
568
551
712
610
639
685
713
489
519
583
547
636
496
587
636
712
554
493
567
615
594
688
688
497
501
688
479
514
538
671
543
529
534
476
501
709
627
480
514
509
481
490
515
479
545
527
655
587
537
560
520
562
494
490
616
499
550
504
601
543
727
717
486
655
480
629
564
691
527
627
516
611
580
591
650
513
566
497
540
493
585
497
574
594
501
495
569
479
524
671
611
531
713
593
565
529
541
727
580
743
485
706
522
544
685
551
738
514
554
480
502
683
556
540
510
536
551
602
665
650
615
541
667
546
582
535
626
544
522
496
498
494
625
549
482
585
651
731
668
515
509
546
568
602
562
739
513
607
498
537
504
646
490
624
514
567
680
636
484
636
483
506
733
542
757
638
585
493
699
614
539
535
567
576
625
562
667
643
547
585
686
603
573
530
658
532
514
571
480
578
502
540
579
649
611
614
478
485
703
493
524
509
619
489
594
575
484
565
569
564
675
502
666
741
505
642
489
482
517
510
509
578
548
538
527
569
551
668
709
511
515
484
665
638
499
498
589
551
562
755
529
576
609
560
677
597
613
601
606
573
545
665
625
542
646
596
491
522
504
505
598
732
644
622
625
698
618
490
496
488
718
536
483
622
546
626
480
671
756
627
564
722
658
553
726
647
488
597
574
547
527
548
639
499
604
503
604
560
497
479
543
708
520
597
506
585
488
532
642
594
551
522
579
575
538
501
584
521
625
683
749
631
498
532
492
638
621
521
617
499
488
652
683
717
580
506
509
584
547
490
488
540
531
569
610
532
723
521
523
486
638
530
615
504
494
703
590
693
534
765
484
511
502
558
538
512
531
515
557
534
609
665
488
485
545
584
694
535
557
554
514
610
510
517
751
499
566
495
559
490
577
597
536
549
559
590
532
513
657
622
557
488
496
592
501
555
725
531
480
604
539
584
523
544
507
548
636
679
596
576
561
504
529
568
509
550
635
518
513
535
594
629
646
514
721
595
498
603
712
629
534
561
539
490
544
620
602
496
699
721
662
585
522
570
596
601
554
699
520
709
557
495
605
585
534
513
473
507
725
616
536
590
567
534
488
638
752
647
604
549
500
485
488
679
558
508
521
479
557
492
608
596
698
586
503
511
567
530
501
503
513
552
592
566
575
602
522
701
487
501
612
542
599
682
600
536
602
492
502
510
671
498
546
505
691
554
503
622
545
515
527
576
569
619
645
534
523
663
506
598
543
617
623
681
582
492
496
583
691
524
548
580
636
586
558
484
591
489
599
556
544
550
515
496
746
625
482
577
530
528
510
645
659
579
496
500
529
604
490
529
639
572
514
523
588
587
656
547
525
520
640
513
570
641
523
674
508
555
552
476
559
644
576
753
573
484
728
602
509
480
551
649
547
613
491
585
538
619
484
671
603
647
482
489
512
506
738
684
540
652
654
628
599
567
596
520
619
741
520
617
566
525
518
706
594
569
583
546
552
725
531
614
607
525
553
582
568
550
522
509
592
605
547
499
572
488
501
577
580
647
603
518
697
614
571
717
529
507
513
516
528
690
635
597
544
626
599
538
527
482
648
487
487
554
540
702
601
569
531
492
705
684
514
506
654
569
625
626
589
497
653
568
672
487
665
605
477
547
543
713
731
506
563
602
543
595
529
686
671
728
693
549
534
557
523
505
576
525
573
719
617
752
595
608
543
511
612
500
647
542
489
699
583
594
713
552
492
624
529
655
595
550
485
519
541
653
550
522
508
521
655
527
505
654
551
584
531
514
520
507
485
701
660
585
584
501
545
604
645
643
488
558
573
540
546
534
483
483
565
570
666
692
564
486
539
597
649
697
495
568
559
625
826
498
498
589
559
549
610
665
695
488
559
541
670
556
506
615
689
491
649
576
491
616
604
543
543
479
629
600
490
489
541
728
723
758
728
743
524
485
575
529
512
514
623
497
546
566
607
578
647
490
537
597
590
577
567
619
584
567
532
517
646
610
614
507
709
501
752
498
658
552
761
560
621
490
593
575
522
532
615
572
642
609
489
688
544
614
542
670
553
631
572
503
519
490
496
553
517
565
481
532
560
489
676
499
551
569
512
699
519
587
655
667
561
483
574
500
577
706
496
604
582
557
616
588
680
541
574
621
614
510
522
596
537
680
621
477
683
524
710
613
543
584
536
590
523
717
630
597
667
573
655
586
535
500
520
520
485
594
775
578
769
500
543
585
537
731
549
582
580
645
608
812
594
651
497
573
521
490
538
524
520
601
601
562
614
572
590
735
718
519
498
759
520
500
483
574
498
479
503
561
606
510
540
539
485
730
483
494
510
529
541
491
592
586
505
537
519
585
624
612
495
648
577
544
583
589
733
487
611
492
476
612
665
739
625
501
481
571
511
565
710
494
492
543
482
541
645
611
600
580
588
593
506
608
634
485
576
675
685
580
712
660
632
643
559
575
600
491
509
483
564
529
712
586
490
510
556
519
495
498
563
616
567
590
588
487
542
593
506
492
720
551
507
516
653
577
506
543
551
673
523
635
496
750
526
605
597
485
506
533
590
535
742
591
561
533
570
540
643
636
542
620
621
489
710
514
628
493
488
508
668
745
531
633
495
528
556
489
608
591
659
590
636
593
516
582
563
529
571
535
554
607
504
714
616
721
498
534
732
585
596
625
550
653
544
656
582
642
515
590
587
616
742
510
558
719
647
523
526
524
587
671
529
545
635
716
647
507
580
580
509
589
498
617
559
672
566
501
516
538
674
554
505
595
489
702
479
571
696
607
728
503
538
597
655
603
568
632
598
600
538
577
490
579
560
687
555
568
603
753
491
598
591
584
555
581
522
546
664
671
540
542
502
550
729
472
521
554
584
509
492
574
582
562
595
487
568
604
644
522
555
552
562
605
507
667
526
503
671
557
503
524
496
534
593
524
589
553
583
489
524
650
618
537
615
487
582
483
563
481
550
508
625
628
621
653
678
577
613
722
506
601
612
521
545
611
639
560
591
516
576
588
496
597
627
569
587
498
587
567
517
478
637
486
529
721
491
494
608
600
519
544
471
499
631
547
564
510
551
545
485
666
612
540
535
614
531
719
577
501
628
622
527
592
567
486
573
500
495
571
539
626
611
599
483
515
492
547
635
542
748
560
481
686
664
489
579
639
560
526
561
618
787
596
523
697
633
676
492
722
586
487
503
501
599
643
486
539
542
492
654
654
510
597
554
722
669
523
558
497
501
569
562
480
595
519
650
550
492
562
506
613
647
487
621
607
598
592
559
563
525
743
508
728
590
620
559
543
498
722
561
641
641
597
563
624
555
520
581
668
732
613
498
532
623
665
511
678
538
511
637
505
491
483
741
541
525
627
504
576
544
710
533
505
489
744
547
529
570
612
595
578
560
618
685
587
695
544
486
689
603
700
641
536
576
656
604
629
575
737
585
575
552
620
554
531
772
536
547
493
594
603
544
582
511
676
580
514
578
593
569
497
476
624
565
571
579
624
493
598
587
619
571
585
637
497
630
538
642
563
481
571
481
588
610
576
704
498
498
506
644
611
549
595
494
633
628
531
554
542
593
524
547
643
506
583
552
645
562
487
516
600
521
525
530
545
518
515
578
534
537
644
518
533
548
579
748
479
554
580
615
649
495
538
624
702
555
479
770
570
538
487
511
534
567
550
568
520
615
507
560
564
625
581
549
549
594
517
537
774
580
636
699
542
637
490
578
636
591
613
504
563
479
607
525
546
644
532
530
568
622
519
507
556
551
574
541
663
751
504
489
500
532
569
720
596
609
498
548
484
677
516
507
653
577
748
600
474
586
503
642
579
633
577
644
644
556
588
503
490
646
552
583
576
588
496
612
723
490
500
588
544
502
550
562
734
615
531
608
599
563
651
632
510
512
591
482
540
722
639
640
490
484
503
504
640
537
560
499
479
708
520
619
602
540
641
517
535
556
564
485
605
633
715
563
622
689
542
541
519
537
629
612
563
585
746
666
632
714
641
652
621
652
661
485
526
486
703
489
591
530
576
619
575
518
643
597
505
550
560
558
572
563
723
573
766
686
492
617
527
686
477
537
654
604
518
500
587
561
601
508
558
518
590
558
515
508
618
488
536
640
562
692
676
564
664
617
511
639
583
597
579
479
645
656
523
494
562
558
508
656
514
516
623
569
599
567
702
733
564
719
527
607
620
627
609
510
631
517
560
598
542
502
532
537
503
494
562
530
545
646
528
620
598
615
558
541
564
754
501
596
672
621
547
524
574
530
637
595
589
525
488
629
538
708
621
680
520
602
535
652
578
576
527
565
483
590
581
618
546
528
526
579
672
711
533
763
591
570
592
598
505
511
552
553
538
612
637
596
509
483
567
654
543
489
505
612
575
651
489
665
677
484
615
770
611
577
527
503
530
655
574
628
477
497
609
539
535
629
577
570
501
550
535
524
530
760
616
729
486
708
581
594
637
592
675
482
491
509
484
573
683
600
523
590
719
496
575
486
512
541
521
543
559
535
564
579
609
541
524
605
576
668
598
716
580
598
736
611
760
705
670
533
695
761
575
534
654
509
618
584
554
553
636
529
586
584
560
499
532
720
627
736
516
563
549
485
494
631
505
566
602
593
677
568
613
561
532
518
666
588
681
657
519
533
526
698
505
521
683
520
687
587
529
685
535
568
555
534
505
562
576
513
605
525
755
497
587
624
482
584
504
512
524
567
632
511
619
547
619
523
478
476
507
594
690
722
666
610
665
523
578
618
528
508
690
506
706
511
577
649
664
668
563
535
702
484
638
589
601
576
550
580
586
620
675
621
548
653
509
519
638
595
488
591
681
532
534
485
547
493
505
497
577
487
568
524
486
484
564
499
716
662
526
530
497
539
645
535
499
574
598
491
483
492
578
518
600
515
558
544
513
483
583
502
533
564
479
573
575
580
562
738
492
591
543
545
563
505
618
522
556
492
494
592
497
640
533
666
552
621
488
597
657
581
685
587
489
626
763
496
631
676
522
590
489
739
583
667
521
551
609
483
604
644
499
507
539
489
537
576
656
565
556
568
554
744
712
682
691
722
636
509
664
545
535
591
482
577
526
496
628
633
538
712
710
670
540
595
520
519
493
584
600
496
564
629
555
533
520
549
702
542
658
498
728
535
491
681
522
495
495
532
678
541
597
683
729
529
541
564
622
782
564
614
565
598
599
492
558
606
630
546
743
617
579
507
522
500
538
602
497
492
569
705
584
558
767
620
510
593
485
624
562
559
612
690
674
547
587
490
549
491
543
525
529
537
717
577
580
574
523
516
698
621
577
568
716
561
495
570
628
583
498
486
566
509
620
614
583
532
636
605
648
566
542
536
624
540
549
608
607
517
492
495
529
492
502
512
502
651
696
482
566
483
597
485
575
485
514
486
698
604
656
511
551
654
565
651
583
540
480
578
574
519
535
500
499
756
494
507
486
518
504
506
716
530
492
569
577
662
615
522
680
572
592
487
549
722
496
621
548
632
571
645
534
536
556
543
502
580
570
490
589
603
471
710
488
560
573
585
538
495
502
603
619
639
486
512
537
503
535
537
574
498
668
587
539
658
515
492
516
565
615
537
503
602
600
539
506
504
555
653
580
531
528
554
506
493
523
619
488
502
519
497
573
491
497
616
554
533
633
657
683
677
552
592
501
583
561
617
529
677
536
664
637
599
483
511
515
513
741
611
580
485
527
625
697
612
611
510
524
549
520
486
504
522
571
603
585
495
514
520
558
613
507
503
519
598
632
625
511
543
603
598
727
570
529
508
579
673
536
483
633
676
602
715
703
484
533
586
628
731
519
627
528
489
510
703
511
611
738
512
749
552
525
646
587
632
612
648
569
559
576
528
627
517
580
547
530
614
503
675
638
726
518
733
547
505
654
544
646
721
725
603
574
500
593
622
492
583
655
720
570
559
652
550
743
509
501
650
503
552
527
676
652
638
511
637
515
545
689
489
684
529
552
490
493
489
603
508
559
510
743
510
699
667
529
519
600
515
723
690
545
540
617
622
529
571
649
506
541
487
631
596
692
500
707
734
531
482
572
575
483
585
730
643
500
570
601
640
580
551
481
503
558
608
598
753
616
549
488
538
687
523
610
628
596
567
578
724
581
551
502
503
499
620
569
583
755
551
605
489
532
538
690
555
502
535
742
757
512
537
576
554
521
766
670
631
594
621
585
596
536
550
478
509
595
489
572
555
612
537
565
610
602
574
546
623
718
525
592
660
523
683
691
585
625
551
657
694
512
564
577
479
745
540
660
547
489
514
597
585
564
550
543
509
518
598
631
508
595
510
628
562
658
620
503
763
542
574
641
585
712
579
532
565
602
519
712
747
578
564
485
672
555
671
533
536
577
624
620
505
513
630
625
478
608
647
514
639
556
485
507
480
587
578
503
572
561
552
507
674
509
580
636
586
548
570
485
483
582
723
502
570
499
539
688
763
706
648
674
562
528
604
672
503
623
594
608
570
484
561
517
557
539
642
547
521
661
656
488
725
592
505
606
601
525
573
545
658
524
590
635
670
626
591
502
720
593
570
589
705
562
656
554
629
737
509
536
535
567
509
491
493
559
548
573
526
647
537
481
555
596
526
611
734
638
520
718
578
486
583
525
629
549
577
526
728
628
593
547
592
536
506
486
634
584
483
566
571
594
662
550
522
615
484
656
749
523
512
542
639
532
494
504
686
493
642
498
606
710
635
712
601
481
680
539
480
490
544
708
577
493
529
553
614
524
636
523
583
562
524
496
579
656
607
511
539
690
483
592
763
531
547
580
762
523
563
537
647
558
517
751
598
531
611
597
530
529
669
546
551
614
609
623
634
652
587
613
620
564
484
593
533
587
501
508
558
560
689
564
540
533
580
503
606
693
574
500
594
517
518
622
561
615
693
475
571
491
716
644
502
567
508
505
608
616
691
700
508
540
480
635
556
533
494
585
589
670
615
498
510
555
763
713
560
525
581
555
659
565
528
550
620
500
598
494
499
482
729
487
589
549
746
527
630
484
775
550
777
586
502
634
487
611
629
637
499
604
543
720
490
595
591
539
595
768
478
578
548
675
562
532
602
485
553
513
636
529
493
521
640
549
602
490
538
564
579
481
507
703
572
610
494
589
573
494
517
515
639
488
667
568
761
656
591
699
607
592
493
543
524
595
654
526
537
493
504
566
556
498
717
620
712
480
572
491
488
629
511
509
515
543
589
522
483
546
693
494
541
658
530
653
685
576
545
523
684
714
483
494
677
735
591
603
508
737
510
509
601
585
711
488
507
664
501
569
518
584
487
572
558
547
484
581
536
578
480
519
543
533
587
505
616
509
587
546
489
556
496
513
599
718
499
551
581
595
609
659
552
623
553
617
538
501
523
506
593
505
581
499
666
613
508
542
522
505
517
553
542
635
612
571
487
582
679
535
499
489
576
509
633
579
573
483
518
555
569
541
669
493
505
625
555
507
588
594
714
502
589
535
505
637
720
482
651
506
594
714
512
742
687
551
545
645
625
522
723
579
689
547
685
614
600
753
490
581
602
510
553
764
595
480
511
618
687
553
506
596
731
534
675
598
663
496
540
553
586
563
617
604
724
570
518
527
587
498
492
677
604
532
727
522
489
589
496
729
602
557
556
571
587
730
570
501
607
480
486
612
478
604
548
525
478
614
488
545
505
595
566
648
524
624
482
499
