480.0
477.0
477.0
477.0
476.0
474.0
474.0
474.0
474.0
473.0
470.0
470.0
470.0
470.0
470.0
470.0
470.0
470.0
470.0
470.0
470.0
470.0
470.0
470.0
470.0
470.0
470.0
470.0
470.0
470.0
470.0
470.0
470.0
470.0
470.0
470.0
470.0
470.0
470.0
470.0
470.0
470.0
469.0
469.0
469.0
469.0
469.0
469.0
469.0
469.0
469.0
469.0
469.0
469.0
469.0
469.0
469.0
469.0
469.0
469.0
469.0
469.0
469.0
469.0
469.0
469.0
469.0
469.0
469.0
469.0
469.0
469.0
469.0
469.0
469.0
469.0
469.0
469.0
469.0
469.0
469.0
469.0
469.0
469.0
469.0
469.0
469.0
469.0
469.0
469.0
469.0
469.0
469.0
469.0
469.0
469.0
469.0
469.0
469.0
469.0
469.0
467.0
467.0
467.0
467.0
467.0
467.0
467.0
467.0
467.0
467.0
467.0
467.0
467.0
467.0
467.0
467.0
467.0
467.0
467.0
467.0
467.0
467.0
467.0
467.0
467.0
467.0
467.0
467.0
467.0
467.0
467.0
467.0
467.0
467.0
467.0
467.0
467.0
467.0
467.0
467.0
467.0
467.0
467.0
467.0
467.0
467.0
467.0
467.0
467.0
467.0
467.0
467.0
467.0
467.0
467.0
467.0
467.0
467.0
467.0
467.0
467.0
467.0
467.0
467.0
467.0
467.0
467.0
467.0
467.0
467.0
467.0
467.0
467.0
467.0
467.0
467.0
467.0
467.0
467.0
466.0
466.0
466.0
466.0
466.0
466.0
466.0
466.0
466.0
466.0
466.0
466.0
466.0
466.0
466.0
466.0
466.0
466.0
466.0
466.0
